dij:
- [ 0.0, 1.587, 0.61, 1.7369999999999999, 0.915, 1.065, 1.215, 1.365, 1.8809999999999998, 2.585, 1.7309999999999999, 2.435, 1.5650000000000002, 1.715, 1.87, 2.02, ]
- [ 1.587, 0.0, 1.7369999999999999, 0.614, 1.622, 1.4720000000000002, 1.322, 1.1720000000000002, 0.758, 1.882, 0.608, 1.7319999999999998, 0.8620000000000001, 1.012, 1.1670000000000003, 1.317, ]
- [ 0.61, 1.7369999999999999, 0.0, 1.8869999999999998, 0.765, 0.9149999999999999, 1.065, 1.215, 1.7309999999999999, 2.435, 1.8809999999999998, 2.585, 1.715, 1.865, 2.02, 2.17, ]
- [ 1.7369999999999999, 0.614, 1.8869999999999998, 0.0, 1.472, 1.322, 1.1720000000000002, 1.022, 0.608, 1.7319999999999998, 0.458, 1.8819999999999997, 1.012, 1.162, 1.317, 1.4669999999999999, ]
- [ 0.915, 1.6219999999999999, 0.765, 1.472, 0.0, 0.5, 0.65, 0.8, 1.316, 2.0199999999999996, 1.466, 2.17, 2.0199999999999996, 2.17, 2.3249999999999993, 2.4749999999999996, ]
- [ 1.065, 1.472, 0.9149999999999999, 1.322, 0.5, 0.0, 0.5000000000000001, 0.6500000000000001, 1.1660000000000001, 1.8699999999999999, 1.316, 2.0199999999999996, 1.8699999999999999, 2.0199999999999996, 2.175, 2.325, ]
- [ 1.2149999999999999, 1.322, 1.065, 1.1720000000000002, 0.65, 0.5000000000000001, 0.0, 0.5000000000000001, 1.016, 1.72, 1.1660000000000001, 1.8699999999999999, 1.72, 1.8699999999999999, 2.025, 2.175, ]
- [ 1.365, 1.1720000000000002, 1.2149999999999999, 1.022, 0.8, 0.6500000000000001, 0.5000000000000001, 0.0, 0.866, 1.5699999999999998, 1.016, 1.7199999999999998, 1.57, 1.72, 1.875, 2.0249999999999995, ]
- [ 1.8809999999999998, 0.758, 1.7309999999999999, 0.608, 1.316, 1.1660000000000001, 1.016, 0.8660000000000001, 0.0, 1.576, 0.602, 1.726, 1.1560000000000001, 1.306, 1.461, 1.611, ]
- [ 2.5849999999999995, 1.8819999999999997, 2.4349999999999996, 1.7319999999999998, 2.0199999999999996, 1.8699999999999999, 1.72, 1.57, 1.5759999999999998, 0.0, 1.7259999999999998, 0.61, 1.3699999999999999, 1.22, 1.065, 0.915, ]
- [ 1.7309999999999999, 0.608, 1.8809999999999998, 0.458, 1.466, 1.316, 1.166, 1.016, 0.602, 1.7259999999999998, 0.0, 1.8759999999999997, 1.006, 1.1560000000000001, 1.3110000000000002, 1.461, ]
- [ 2.435, 1.732, 2.585, 1.882, 2.17, 2.0199999999999996, 1.8699999999999999, 1.72, 1.726, 0.61, 1.876, 0.0, 1.22, 1.0699999999999998, 0.9149999999999999, 0.765, ]
- [ 1.565, 0.862, 1.7149999999999999, 1.012, 2.0199999999999996, 1.8699999999999999, 1.72, 1.57, 1.1560000000000001, 1.3699999999999999, 1.006, 1.22, 0.0, 0.5000000000000001, 0.6550000000000001, 0.805, ]
- [ 1.7149999999999999, 1.012, 1.8649999999999998, 1.1620000000000001, 2.17, 2.0199999999999996, 1.8699999999999999, 1.72, 1.306, 1.22, 1.1560000000000001, 1.0699999999999998, 0.5000000000000001, 0.0, 0.5050000000000001, 0.655, ]
- [ 1.8699999999999999, 1.167, 2.0199999999999996, 1.317, 2.325, 2.175, 2.0249999999999995, 1.8749999999999998, 1.4609999999999999, 1.065, 1.311, 0.9149999999999999, 0.6550000000000001, 0.5050000000000001, 0.0, 0.5, ]
- [ 2.0199999999999996, 1.317, 2.17, 1.4669999999999999, 2.4749999999999996, 2.325, 2.175, 2.0250000000000004, 1.6109999999999998, 0.915, 1.4609999999999999, 0.765, 0.805, 0.655, 0.5, 0.0, ]
